4719
25540
4397
21609
22846
3154
26317
4843
22486
31093
7911
15697
27841
22939
4098
27292
17231
6626
26002
32765
13628
20781
11966
5261
28557
24952
19046
15678
24251
17256
21605
21777
9747
12326
30739
5514
9821
7534
19470
4962
22460
16355
6971
29563
31445
1958
16135
27673
25907
19238
28403
26190
27882
5178
10575
21430
14203
17261
6469
3173
28664
32152
7706
18718
10345
6071
22449
3525
27245
29941
23633
6167
15141
2825
31655
9881
5709
197
13071
11214
9388
6892
14095
16813
12719
27461
13860
29010
9297
30189
14530
8948
32573
16625
17046
18967
11319
540
6414
8707
